changedby, A [10000, 10200], V2=[1,6,13,37,150]
70
71
72
73
74
75
71
72
73
74
75
69
70
71
72
73
74
70
71
72
73
74
75
71
70
71
72
73
74
75
71
72
73
74
75
76
72
71
72
73
74
75
76
72
73
74
75
76
70
71
67
68
69
70
71
72
68
69
70
71
72
73
69
68
69
70
71
72
73
69
70
71
72
73
74
70
69
70
71
72
73
74
70
71
72
73
74
68
69
70
71
72
73
69
70
71
72
73
74
70
69
70
71
72
73
74
70
71
72
73
74
75
71
70
71
72
73
74
75
71
72
73
74
75
69
70
71
72
73
74
70
71
72
73
74
75
71
70
71
72
73
74
75
71
72
73
74
75
76
72
71
72
73
74
75
76
72
73
74
75
76
70
71
72
73
74
75
71
72
73
74
75
76
72
71
72
73
74
75
76
72
73
74
75
76
77
73
72
73
74
75
76
77
73
74
75
76
77
71
72
68
