changedb, A [2000, 2200], V2=[1,6,13,37,15]
15
16
17
18
19
20
16
17
18
19
20
21
17
16
17
18
19
20
21
17
18
19
20
21
15
16
17
18
19
20
16
17
18
19
20
21
17
16
17
18
19
20
21
17
18
19
20
21
22
18
17
18
19
20
21
22
18
19
20
21
22
16
17
18
19
20
21
17
18
19
20
21
22
18
17
18
19
20
21
22
18
19
20
21
22
23
19
18
19
20
21
22
23
19
20
21
22
23
17
18
14
15
16
17
18
19
15
16
17
18
19
20
16
15
16
17
18
19
20
16
17
18
19
20
21
17
16
17
18
19
20
21
17
18
19
20
21
15
16
17
18
19
20
16
17
18
19
20
21
17
16
17
18
19
20
21
17
18
19
20
21
22
18
17
18
19
20
21
22
18
19
20
21
22
16
17
18
19
20
21
17
18
19
20
21
22
18
17
18
19
20
21
22
18
19
20
21
22
23
19
18
