change dp, A [10000, 10201], V2=[1,6,13,37,150]
(70, [0, 0, 2, 2, 66]),0.0161900520325
(71, [1, 0, 2, 2, 66]),0.0178461074829
(72, [2, 0, 2, 2, 66]),0.0155301094055
(73, [3, 0, 2, 2, 66]),0.0155608654022
(74, [4, 0, 2, 2, 66]),0.0156629085541
(75, [5, 0, 2, 2, 66]),0.0168631076813
(71, [0, 1, 2, 2, 66]),0.0154750347137
(72, [1, 1, 2, 2, 66]),0.0155801773071
(73, [2, 1, 2, 2, 66]),0.0187940597534
(74, [3, 1, 2, 2, 66]),0.0154769420624
(75, [4, 1, 2, 2, 66]),0.015499830246
(69, [0, 0, 0, 3, 66]),0.0155148506165
(70, [1, 0, 0, 3, 66]),0.0155148506165
(71, [2, 0, 0, 3, 66]),0.0155279636383
(72, [3, 0, 0, 3, 66]),0.0168490409851
(73, [4, 0, 0, 3, 66]),0.0155301094055
(74, [5, 0, 0, 3, 66]),0.0194580554962
(70, [0, 1, 0, 3, 66]),0.0155210494995
(71, [1, 1, 0, 3, 66]),0.0155251026154
(72, [2, 1, 0, 3, 66]),0.0155239105225
(73, [3, 1, 0, 3, 66]),0.0156409740448
(74, [4, 1, 0, 3, 66]),0.0155580043793
(75, [5, 1, 0, 3, 66]),0.0155301094055
(71, [0, 2, 0, 3, 66]),0.0155410766602
(70, [0, 0, 1, 3, 66]),0.0179669857025
(71, [1, 0, 1, 3, 66]),0.0155510902405
(72, [2, 0, 1, 3, 66]),0.0175099372864
(73, [3, 0, 1, 3, 66]),0.0155401229858
(74, [4, 0, 1, 3, 66]),0.015566110611
(75, [5, 0, 1, 3, 66]),0.0155518054962
(71, [0, 1, 1, 3, 66]),0.0155448913574
(72, [1, 1, 1, 3, 66]),0.023138999939
(73, [2, 1, 1, 3, 66]),0.0155870914459
(74, [3, 1, 1, 3, 66]),0.0156049728394
(75, [4, 1, 1, 3, 66]),0.015575170517
(76, [5, 1, 1, 3, 66]),0.0155601501465
(72, [0, 2, 1, 3, 66]),0.0155608654022
(71, [0, 0, 2, 3, 66]),0.0181338787079
(72, [1, 0, 2, 3, 66]),0.0216901302338
(73, [2, 0, 2, 3, 66]),0.0155558586121
(74, [3, 0, 2, 3, 66]),0.0156269073486
(75, [4, 0, 2, 3, 66]),0.0155909061432
(76, [5, 0, 2, 3, 66]),0.0155611038208
(72, [0, 1, 2, 3, 66]),0.0155799388885
(73, [1, 1, 2, 3, 66]),0.016471862793
(74, [2, 1, 2, 3, 66]),0.0195529460907
(75, [3, 1, 2, 3, 66]),0.0155899524689
(76, [4, 1, 2, 3, 66]),0.0155920982361
(70, [0, 0, 0, 4, 66]),0.0156080722809
(71, [1, 0, 0, 4, 66]),0.0173788070679
(67, [0, 0, 0, 0, 67]),0.0155880451202
(68, [1, 0, 0, 0, 67]),0.0156860351562
(69, [2, 0, 0, 0, 67]),0.0155830383301
(70, [3, 0, 0, 0, 67]),0.0156571865082
(71, [4, 0, 0, 0, 67]),0.0156109333038
(72, [5, 0, 0, 0, 67]),0.0156271457672
(68, [0, 1, 0, 0, 67]),0.0212979316711
(69, [1, 1, 0, 0, 67]),0.0156230926514
(70, [2, 1, 0, 0, 67]),0.0155918598175
(71, [3, 1, 0, 0, 67]),0.0223698616028
(72, [4, 1, 0, 0, 67]),0.018317937851
(73, [5, 1, 0, 0, 67]),0.0156099796295
(69, [0, 2, 0, 0, 67]),0.0156409740448
(68, [0, 0, 1, 0, 67]),0.015604019165
(69, [1, 0, 1, 0, 67]),0.0156168937683
(70, [2, 0, 1, 0, 67]),0.0156280994415
(71, [3, 0, 1, 0, 67]),0.0156030654907
(72, [4, 0, 1, 0, 67]),0.0156488418579
(73, [5, 0, 1, 0, 67]),0.0156359672546
(69, [0, 1, 1, 0, 67]),0.0156400203705
(70, [1, 1, 1, 0, 67]),0.0160708427429
(71, [2, 1, 1, 0, 67]),0.0156259536743
(72, [3, 1, 1, 0, 67]),0.015613079071
(73, [4, 1, 1, 0, 67]),0.0156660079956
(74, [5, 1, 1, 0, 67]),0.015625
(70, [0, 2, 1, 0, 67]),0.0156190395355
(69, [0, 0, 2, 0, 67]),0.0156180858612
(70, [1, 0, 2, 0, 67]),0.0156891345978
(71, [2, 0, 2, 0, 67]),0.0156898498535
(72, [3, 0, 2, 0, 67]),0.0157570838928
(73, [4, 0, 2, 0, 67]),0.0156240463257
(74, [5, 0, 2, 0, 67]),0.0156500339508
(70, [0, 1, 2, 0, 67]),0.0157690048218
(71, [1, 1, 2, 0, 67]),0.0156409740448
(72, [2, 1, 2, 0, 67]),0.0157220363617
(73, [3, 1, 2, 0, 67]),0.0190460681915
(74, [4, 1, 2, 0, 67]),0.0156538486481
(68, [0, 0, 0, 1, 67]),0.0156910419464
(69, [1, 0, 0, 1, 67]),0.0191259384155
(70, [2, 0, 0, 1, 67]),0.015643119812
(71, [3, 0, 0, 1, 67]),0.0156321525574
(72, [4, 0, 0, 1, 67]),0.0157508850098
(73, [5, 0, 0, 1, 67]),0.0156788825989
(69, [0, 1, 0, 1, 67]),0.0156669616699
(70, [1, 1, 0, 1, 67]),0.0232291221619
(71, [2, 1, 0, 1, 67]),0.0156888961792
(72, [3, 1, 0, 1, 67]),0.0166718959808
(73, [4, 1, 0, 1, 67]),0.0156569480896
(74, [5, 1, 0, 1, 67]),0.0165197849274
(70, [0, 2, 0, 1, 67]),0.0157887935638
(69, [0, 0, 1, 1, 67]),0.0156540870667
(70, [1, 0, 1, 1, 67]),0.0157518386841
(71, [2, 0, 1, 1, 67]),0.0157968997955
(72, [3, 0, 1, 1, 67]),0.022096157074
(73, [4, 0, 1, 1, 67]),0.015702009201
(74, [5, 0, 1, 1, 67]),0.0156970024109
(70, [0, 1, 1, 1, 67]),0.015692949295
(71, [1, 1, 1, 1, 67]),0.0156941413879
(72, [2, 1, 1, 1, 67]),0.0158839225769
(73, [3, 1, 1, 1, 67]),0.0156860351562
(74, [4, 1, 1, 1, 67]),0.0156869888306
(75, [5, 1, 1, 1, 67]),0.0157449245453
(71, [0, 2, 1, 1, 67]),0.0223639011383
(70, [0, 0, 2, 1, 67]),0.0160632133484
(71, [1, 0, 2, 1, 67]),0.0156760215759
(72, [2, 0, 2, 1, 67]),0.0169308185577
(73, [3, 0, 2, 1, 67]),0.0177888870239
(74, [4, 0, 2, 1, 67]),0.0157039165497
(75, [5, 0, 2, 1, 67]),0.0166599750519
(71, [0, 1, 2, 1, 67]),0.0156919956207
(72, [1, 1, 2, 1, 67]),0.015725851059
(73, [2, 1, 2, 1, 67]),0.015702009201
(74, [3, 1, 2, 1, 67]),0.015722990036
(75, [4, 1, 2, 1, 67]),0.0156948566437
(69, [0, 0, 0, 2, 67]),0.0157008171082
(70, [1, 0, 0, 2, 67]),0.0157029628754
(71, [2, 0, 0, 2, 67]),0.0157480239868
(72, [3, 0, 0, 2, 67]),0.0157079696655
(73, [4, 0, 0, 2, 67]),0.0157217979431
(74, [5, 0, 0, 2, 67]),0.0157051086426
(70, [0, 1, 0, 2, 67]),0.0180420875549
(71, [1, 1, 0, 2, 67]),0.0157330036163
(72, [2, 1, 0, 2, 67]),0.0157008171082
(73, [3, 1, 0, 2, 67]),0.0157248973846
(74, [4, 1, 0, 2, 67]),0.015734910965
(75, [5, 1, 0, 2, 67]),0.0156979560852
(71, [0, 2, 0, 2, 67]),0.0157210826874
(70, [0, 0, 1, 2, 67]),0.0157170295715
(71, [1, 0, 1, 2, 67]),0.0157120227814
(72, [2, 0, 1, 2, 67]),0.0157270431519
(73, [3, 0, 1, 2, 67]),0.0157511234283
(74, [4, 0, 1, 2, 67]),0.0157370567322
(75, [5, 0, 1, 2, 67]),0.0157289505005
(71, [0, 1, 1, 2, 67]),0.0157492160797
(72, [1, 1, 1, 2, 67]),0.0157577991486
(73, [2, 1, 1, 2, 67]),0.015734910965
(74, [3, 1, 1, 2, 67]),0.0157480239868
(75, [4, 1, 1, 2, 67]),0.0157399177551
(76, [5, 1, 1, 2, 67]),0.0157480239868
(72, [0, 2, 1, 2, 67]),0.0224289894104
(71, [0, 0, 2, 2, 67]),0.0157279968262
(72, [1, 0, 2, 2, 67]),0.0157520771027
(73, [2, 0, 2, 2, 67]),0.0157420635223
(74, [3, 0, 2, 2, 67]),0.0157639980316
(75, [4, 0, 2, 2, 67]),0.0177409648895
(76, [5, 0, 2, 2, 67]),0.0158050060272
(72, [0, 1, 2, 2, 67]),0.0162391662598
(73, [1, 1, 2, 2, 67]),0.0186100006104
(74, [2, 1, 2, 2, 67]),0.0157840251923
(75, [3, 1, 2, 2, 67]),0.0157830715179
(76, [4, 1, 2, 2, 67]),0.0158221721649
(70, [0, 0, 0, 3, 67]),0.0157659053802
(71, [1, 0, 0, 3, 67]),0.0158169269562
(72, [2, 0, 0, 3, 67]),0.0158169269562
(73, [3, 0, 0, 3, 67]),0.0157771110535
(74, [4, 0, 0, 3, 67]),0.0157909393311
(75, [5, 0, 0, 3, 67]),0.0157799720764
(71, [0, 1, 0, 3, 67]),0.0157668590546
(72, [1, 1, 0, 3, 67]),0.0157949924469
(73, [2, 1, 0, 3, 67]),0.0198650360107
(74, [3, 1, 0, 3, 67]),0.0157980918884
(75, [4, 1, 0, 3, 67]),0.0157840251923
(76, [5, 1, 0, 3, 67]),0.0157768726349
(72, [0, 2, 0, 3, 67]),0.015793800354
(71, [0, 0, 1, 3, 67]),0.0170900821686
(72, [1, 0, 1, 3, 67]),0.0160479545593
(73, [2, 0, 1, 3, 67]),0.0159318447113
(74, [3, 0, 1, 3, 67]),0.0158770084381
(75, [4, 0, 1, 3, 67]),0.0161321163177
(76, [5, 0, 1, 3, 67]),0.0158760547638
(72, [0, 1, 1, 3, 67]),0.0158669948578
(73, [1, 1, 1, 3, 67]),0.0158100128174
(74, [2, 1, 1, 3, 67]),0.0158448219299
(75, [3, 1, 1, 3, 67]),0.0158870220184
(76, [4, 1, 1, 3, 67]),0.0158960819244
(77, [5, 1, 1, 3, 67]),0.0158410072327
(73, [0, 2, 1, 3, 67]),0.0194239616394
(72, [0, 0, 2, 3, 67]),0.020828962326
(73, [1, 0, 2, 3, 67]),0.0158751010895
(74, [2, 0, 2, 3, 67]),0.0158579349518
(75, [3, 0, 2, 3, 67]),0.0159268379211
(76, [4, 0, 2, 3, 67]),0.0157980918884
(77, [5, 0, 2, 3, 67]),0.015830039978
(73, [0, 1, 2, 3, 67]),0.0158309936523
(74, [1, 1, 2, 3, 67]),0.0158269405365
(75, [2, 1, 2, 3, 67]),0.0158460140228
(76, [3, 1, 2, 3, 67]),0.0158438682556
(77, [4, 1, 2, 3, 67]),0.0158491134644
(71, [0, 0, 0, 4, 67]),0.020877122879
(72, [1, 0, 0, 4, 67]),0.0159118175507
(68, [0, 0, 0, 0, 68]),0.0159978866577
