changedb, A=2000
30,0.022164106369
32,0.0162649154663
34,0.0171020030975
36,0.0216109752655
38,0.0220189094543
40,0.0265548229218
42,0.0208201408386
44,0.0216360092163
46,0.0225100517273
48,0.0235199928284
50,0.0245490074158
52,0.0257110595703
54,0.0265188217163
56,0.0279688835144
58,0.0291838645935
60,0.0294890403748
62,0.031035900116
64,0.0320570468903
66,0.0329699516296
68,0.0334720611572
70,0.0349388122559
72,0.0357840061188
74,0.0367069244385
76,0.0390810966492
78,0.0388309955597
80,0.039577960968
82,0.0404810905457
84,0.0478780269623
86,0.0425047874451
88,0.043557882309
90,0.0447368621826
92,0.0457048416138
94,0.0483419895172
96,0.0532190799713
98,0.0487420558929
100,0.0584621429443
102,0.0505759716034
104,0.0516061782837
106,0.0528209209442
108,0.0535418987274
110,0.054328918457
112,0.0602560043335
114,0.0633149147034
116,0.057391166687
118,0.065288066864
120,0.0596790313721
122,0.0609250068665
124,0.061959028244
126,0.0637121200562
128,0.0645589828491
130,0.0644209384918
132,0.0657799243927
134,0.0674760341644
136,0.0745179653168
138,0.0699379444122
140,0.069452047348
142,0.0706670284271
144,0.071417093277
146,0.0724909305573
148,0.0742390155792
150,0.07555103302
152,0.0841681957245
154,0.0815360546112
156,0.0853929519653
158,0.0890140533447
160,0.0868589878082
162,0.083340883255
164,0.0872988700867
166,0.0902030467987
168,0.0863800048828
170,0.0852239131927
172,0.0872020721436
174,0.0867629051208
176,0.0897440910339
178,0.0920920372009
180,0.0896739959717
182,0.089910030365
184,0.0908560752869
186,0.0912690162659
188,0.0926549434662
190,0.0998229980469
192,0.0997409820557
194,0.10139298439
196,0.0971229076385
198,0.0976569652557
200,0.098582983017
202,0.102048873901
204,0.104418039322
206,0.101629018784
208,0.102735996246
210,0.103554964066
212,0.106454849243
214,0.105248212814
216,0.119214057922
218,0.107532024384
220,0.113824129105
222,0.115196943283
224,0.116353034973
226,0.115107059479
228,0.115065097809
230,0.113574981689
232,0.115660905838
234,0.118769884109
236,0.117552995682
238,0.119983911514
240,0.118148088455
242,0.119087934494
244,0.120002031326
246,0.121128082275
248,0.121951818466
250,0.123065948486
252,0.123842000961
254,0.124910116196
256,0.125827074051
258,0.126332998276
260,0.13179898262
262,0.129292964935
264,0.129862070084
266,0.134482860565
268,0.137274026871
270,0.132505893707
272,0.135493040085
274,0.13933300972
276,0.144487857819
278,0.146781921387
280,0.137989997864
282,0.137969970703
284,0.144035100937
286,0.143578052521
288,0.141494035721
290,0.142477989197
292,0.146337985992
294,0.156628847122
296,0.145372867584
298,0.146245956421
300,0.147365093231
302,0.149105072021
304,0.149947881699
306,0.150128126144
308,0.150847196579
310,0.152284145355
312,0.15256690979
314,0.153654813766
316,0.155707120895
318,0.158761978149
320,0.156558036804
322,0.165369033813
324,0.161930799484
326,0.163094043732
328,0.159698009491
330,0.160811185837
332,0.161267995834
334,0.162757873535
336,0.163105964661
338,0.168694019318
340,0.165122032166
342,0.165877103806
344,0.166630029678
346,0.168380975723
348,0.168791770935
350,0.170818090439
352,0.171473026276
354,0.171621084213
356,0.172538042068
358,0.177500963211
360,0.180638074875
362,0.176988124847
364,0.175690889359
366,0.178178071976
368,0.17797088623
370,0.179999828339
372,0.181514978409
374,0.1820499897
376,0.182615995407
378,0.189076900482
380,0.183704137802
382,0.184652090073
384,0.187340974808
386,0.186897039413
388,0.188179016113
390,0.19337105751
392,0.188899993896
394,0.191570997238
396,0.190722942352
398,0.193250894547
400,0.193238973618
402,0.194197893143
404,0.195043802261
406,0.196114063263
408,0.197865009308
410,0.197537899017
412,0.198621034622
414,0.200345993042
416,0.200451850891
418,0.202078104019
420,0.202033996582
422,0.203606128693
424,0.209105014801
426,0.204951047897
428,0.208216905594
430,0.207973003387
432,0.207628965378
434,0.209012031555
436,0.208935976028
438,0.21092915535
440,0.210829019547
442,0.212560176849
444,0.212430000305
446,0.214323997498
448,0.214924097061
450,0.221779823303
452,0.216436862946
454,0.218555927277
456,0.224478006363
458,0.22477388382
460,0.220272064209
462,0.221661090851
464,0.222239017487
466,0.223474979401
468,0.228547096252
470,0.225626945496
472,0.226044893265
474,0.226778030396
476,0.227388858795
478,0.229140996933
480,0.229076862335
482,0.230273962021
484,0.23157286644
486,0.232142925262
488,0.239175081253
490,0.239058971405
492,0.238784074783
494,0.236082077026
496,0.237154006958
498,0.237793207169
500,0.23893904686
502,0.239425182343
504,0.240360021591
506,0.241616010666
508,0.241629123688
510,0.242645978928
512,0.246073961258
514,0.248007059097
516,0.245303869247
518,0.246588945389
520,0.259438991547
522,0.254764080048
524,0.254469156265
526,0.249884128571
528,0.250946044922
530,0.252238988876
532,0.252233982086
534,0.253585100174
536,0.254536151886
538,0.255284070969
540,0.255438089371
542,0.257508993149
544,0.257568120956
546,0.267671108246
548,0.260093927383
550,0.260643959045
552,0.261375188828
554,0.269533157349
556,0.272930145264
558,0.26606297493
560,0.267789840698
562,0.266155004501
564,0.267918109894
566,0.26850605011
568,0.268775939941
570,0.269895076752
572,0.272383928299
574,0.272279977798
576,0.273814201355
578,0.274540901184
580,0.276737928391
582,0.278599977493
584,0.284470081329
586,0.284883975983
588,0.278727054596
590,0.279588937759
592,0.279639005661
594,0.280428886414
596,0.281641960144
598,0.288280010223
600,0.284164905548
602,0.28418302536
604,0.286967039108
606,0.285481929779
608,0.287075996399
610,0.288163900375
612,0.289651155472
614,0.289196014404
616,0.291285037994
618,0.298461198807
620,0.293987989426
622,0.296787023544
624,0.295351982117
626,0.295383214951
628,0.296713113785
630,0.301039934158
632,0.299152135849
634,0.303386926651
636,0.301296949387
638,0.305222988129
640,0.304867982864
642,0.313002824783
644,0.30571603775
646,0.30683016777
648,0.307209968567
650,0.313958883286
652,0.311879873276
654,0.318758964539
656,0.318382978439
658,0.311627149582
660,0.31181883812
662,0.313293933868
664,0.313386201859
666,0.315407991409
668,0.315114021301
670,0.315992832184
672,0.31897187233
674,0.317773103714
676,0.318690061569
678,0.320234060287
680,0.320943117142
682,0.330247879028
684,0.329256057739
686,0.323255062103
688,0.323840141296
690,0.32630109787
692,0.330772161484
694,0.327675104141
696,0.331759214401
698,0.32913684845
700,0.329504013062
702,0.331041812897
704,0.336396932602
706,0.332629919052
708,0.333186864853
710,0.334444999695
712,0.335823059082
714,0.336301088333
716,0.344618797302
718,0.337707996368
720,0.346011161804
722,0.340049982071
724,0.339834213257
726,0.340206861496
728,0.342575073242
730,0.343817949295
732,0.346024990082
734,0.344248056412
736,0.346334934235
738,0.347748994827
740,0.347255945206
742,0.347917079926
744,0.348569869995
746,0.350271940231
748,0.360628843307
750,0.361504793167
752,0.354512929916
754,0.377560138702
756,0.35559797287
758,0.35617518425
760,0.357181072235
762,0.37443614006
764,0.375690937042
766,0.368762016296
768,0.384565114975
770,0.37541103363
772,0.362076997757
774,0.370316982269
776,0.363878965378
778,0.365276098251
780,0.372405052185
782,0.36649107933
784,0.378675937653
786,0.365900993347
788,0.369004964828
790,0.368859052658
792,0.368755102158
794,0.370723009109
796,0.372388124466
798,0.371691942215
800,0.373028993607
802,0.383537054062
804,0.373544931412
806,0.375708818436
808,0.377065896988
810,0.377455949783
812,0.387522935867
814,0.380373954773
816,0.379904985428
818,0.380393981934
820,0.383130073547
822,0.407877922058
824,0.386397123337
826,0.406778812408
828,0.407603979111
830,0.409430980682
832,0.398920059204
834,0.437963008881
836,0.413352966309
838,0.413096189499
840,0.391632795334
842,0.419468164444
844,0.403360128403
846,0.402426958084
848,0.394368886948
850,0.395864009857
852,0.394979953766
854,0.395847797394
856,0.402047872543
858,0.397263050079
860,0.399330854416
862,0.399838924408
864,0.403095006943
866,0.400833129883
868,0.401448011398
870,0.403049945831
872,0.406172990799
874,0.406054973602
876,0.414149045944
878,0.420680046082
880,0.409440994263
882,0.417634010315
884,0.41671705246
886,0.421190977097
888,0.418484926224
890,0.412056922913
892,0.418020963669
894,0.416352987289
896,0.417562961578
898,0.421533823013
900,0.421836137772
902,0.417656183243
904,0.418616056442
906,0.418834924698
908,0.42898607254
910,0.431290149689
912,0.431396961212
914,0.430246829987
916,0.43112206459
918,0.424871921539
920,0.425411939621
922,0.426150798798
924,0.444912910461
926,0.441153049469
928,0.444688081741
930,0.427727937698
932,0.435086011887
934,0.430330991745
936,0.44087100029
938,0.435050010681
940,0.44461107254
942,0.443760871887
944,0.435117959976
946,0.436717033386
948,0.436733007431
950,0.436908960342
952,0.435902118683
954,0.441825866699
956,0.457478046417
958,0.446988105774
960,0.450894832611
962,0.444487094879
964,0.450630903244
966,0.441657066345
968,0.444961071014
970,0.451896905899
972,0.462903022766
974,0.444139003754
976,0.454013109207
978,0.446239948273
980,0.45051908493
982,0.452742099762
984,0.456961154938
986,0.455517053604
988,0.459975004196
990,0.450109004974
992,0.453856945038
994,0.460564136505
996,0.458036184311
998,0.455332040787
