changegreedy, A=2000
30,5.29289245605e-05
32,3.50475311279e-05
34,3.19480895996e-05
36,5.60283660889e-05
38,5.79357147217e-05
40,4.79221343994e-05
42,6.8187713623e-05
44,4.29153442383e-05
46,6.79492950439e-05
48,6.91413879395e-05
50,7.79628753662e-05
52,7.10487365723e-05
54,5.3882598877e-05
56,7.89165496826e-05
58,7.9870223999e-05
60,4.38690185547e-05
62,8.60691070557e-05
64,5.60283660889e-05
66,9.08374786377e-05
68,5.91278076172e-05
70,9.70363616943e-05
72,8.41617584229e-05
74,8.48770141602e-05
76,0.000105142593384
78,4.50611114502e-05
80,0.00010085105896
82,0.000109910964966
84,0.00015115737915
86,9.58442687988e-05
88,0.000123977661133
90,0.000128030776978
92,5.60283660889e-05
94,0.000108957290649
96,0.000124931335449
98,0.000191926956177
100,0.000148057937622
102,8.41617584229e-05
104,0.000126838684082
106,0.0001540184021
108,0.000160932540894
110,0.000164031982422
112,0.000162124633789
114,0.000123023986816
116,0.000166177749634
118,0.000187873840332
120,0.000196218490601
122,0.000174045562744
124,0.000192165374756
126,5.50746917725e-05
128,0.000123023986816
130,0.000158071517944
132,0.000190019607544
134,0.000210046768188
136,0.000225067138672
138,0.00025486946106
140,0.000226020812988
142,0.000237941741943
144,7.10487365723e-05
146,0.0001540184021
148,0.000170946121216
150,0.000203132629395
152,0.000245809555054
154,0.00025200843811
156,0.000288009643555
158,0.000402927398682
160,0.000279188156128
162,0.000284910202026
164,0.000308990478516
166,0.000288963317871
168,0.000104904174805
170,0.000138998031616
172,0.000186920166016
174,0.000226020812988
176,0.000257015228271
178,0.000275850296021
180,0.00036096572876
182,0.000326871871948
184,0.000337839126587
186,0.000345945358276
188,0.000347137451172
190,0.000350952148438
192,0.000373125076294
194,0.000669956207275
196,0.000377893447876
198,0.000377893447876
200,0.000384092330933
202,0.000173091888428
204,0.000234842300415
206,0.000217914581299
208,0.000257968902588
210,0.000293016433716
212,0.000329971313477
214,0.000377893447876
216,0.000620126724243
218,0.000432968139648
220,0.000458002090454
222,0.000715017318726
224,0.000478982925415
226,0.00049901008606
228,0.000502109527588
230,0.000487089157104
232,0.000507116317749
234,0.000509977340698
236,0.000520944595337
238,0.000866889953613
240,0.000519037246704
242,0.000524044036865
244,0.000548124313354
246,0.000534057617188
248,0.000556945800781
250,0.000555992126465
252,0.000118970870972
254,0.000178098678589
256,0.000230073928833
258,0.000272989273071
260,0.000334978103638
262,0.00036096572876
264,0.000401020050049
266,0.000511169433594
268,0.00048303604126
270,0.00052285194397
272,0.000565052032471
274,0.000581979751587
276,0.000591993331909
278,0.000637054443359
280,0.000642061233521
282,0.000668048858643
284,0.00070595741272
286,0.000938892364502
288,0.000694990158081
290,0.000761985778809
292,0.000733137130737
294,0.000727891921997
296,0.000756978988647
298,0.000771999359131
300,0.000756025314331
302,0.00076699256897
304,0.000783920288086
306,0.000788927078247
308,0.000849008560181
310,0.00082802772522
312,0.000816106796265
314,0.00100517272949
316,0.000842094421387
318,0.000850915908813
320,0.00086784362793
322,0.000876903533936
324,0.000872135162354
326,0.00089693069458
328,0.000908136367798
330,0.000916004180908
332,0.00091814994812
334,0.000941038131714
336,0.000164985656738
338,0.000213861465454
340,0.000264883041382
342,0.000312805175781
344,0.000371932983398
346,0.000432968139648
348,0.000484943389893
350,0.000555992126465
352,0.000563859939575
354,0.000617027282715
356,0.000652074813843
358,0.000703096389771
360,0.000741004943848
362,0.000771045684814
364,0.000810146331787
366,0.000849008560181
368,0.000890016555786
370,0.000918865203857
372,0.000967025756836
374,0.000977993011475
376,0.00100779533386
378,0.00163292884827
380,0.00107192993164
382,0.00110101699829
384,0.00112295150757
386,0.00113701820374
388,0.00116109848022
390,0.00119400024414
392,0.00120282173157
394,0.0012321472168
396,0.00125217437744
398,0.00126981735229
400,0.00128197669983
402,0.00130701065063
404,0.00130295753479
406,0.00131821632385
408,0.00133800506592
410,0.00133919715881
412,0.00133919715881
414,0.0013701915741
416,0.00135898590088
418,0.00139594078064
420,0.00139212608337
422,0.00140404701233
424,0.00141501426697
426,0.00143980979919
428,0.00143384933472
430,0.00149202346802
432,0.00152516365051
434,0.00148105621338
436,0.00149297714233
438,0.00151515007019
440,0.00155711174011
442,0.00155806541443
444,0.00151896476746
446,0.00157999992371
448,0.00156807899475
450,0.00159001350403
452,0.00158190727234
454,0.00161194801331
456,0.00161695480347
458,0.0016610622406
460,0.00162506103516
462,0.00166296958923
464,0.00167298316956
466,0.00170397758484
468,0.00168013572693
470,0.00172901153564
472,0.00171303749084
474,0.00175189971924
476,0.0017511844635
478,0.001797914505
480,0.00178694725037
482,0.00181007385254
484,0.00182294845581
486,0.00183296203613
488,0.00184297561646
490,0.00185322761536
492,0.00298190116882
494,0.00187277793884
496,0.00189018249512
498,0.00190401077271
500,0.00191211700439
502,0.000191926956177
504,0.000251054763794
506,0.000306129455566
508,0.000355005264282
510,0.000406980514526
512,0.000475168228149
514,0.000977039337158
516,0.00056791305542
518,0.000619888305664
520,0.000680923461914
522,0.00128412246704
524,0.00078296661377
526,0.000817060470581
528,0.000880002975464
530,0.000923871994019
532,0.00101804733276
534,0.00153112411499
536,0.00155520439148
538,0.00162196159363
540,0.0016040802002
542,0.00171279907227
544,0.00172305107117
546,0.00180292129517
548,0.00191903114319
550,0.00193500518799
552,0.00194382667542
554,0.00197982788086
556,0.00207901000977
558,0.00157713890076
560,0.00216889381409
562,0.00166392326355
564,0.00220894813538
566,0.00177717208862
568,0.00234293937683
570,0.00229620933533
572,0.00242781639099
574,0.00250887870789
576,0.00199413299561
578,0.00200080871582
580,0.00202178955078
582,0.00203919410706
584,0.00208401679993
586,0.00213503837585
588,0.00215697288513
590,0.00220990180969
592,0.00224494934082
594,0.002277135849
596,0.0028760433197
598,0.00300288200378
600,0.0023729801178
602,0.00303602218628
604,0.00301909446716
606,0.00247693061829
608,0.00313711166382
610,0.00319218635559
612,0.00314903259277
614,0.00261116027832
616,0.00330591201782
618,0.0033278465271
620,0.00332689285278
622,0.00279188156128
624,0.00340390205383
626,0.00281596183777
628,0.00351214408875
630,0.00284504890442
632,0.00354599952698
634,0.00289797782898
636,0.00373387336731
638,0.00295615196228
640,0.0036518573761
642,0.00304985046387
644,0.00381708145142
646,0.00306510925293
648,0.00378203392029
650,0.00311017036438
652,0.0038058757782
654,0.00318622589111
656,0.00317001342773
658,0.00326490402222
660,0.00322484970093
662,0.00325608253479
664,0.00323700904846
666,0.00332188606262
668,0.00330400466919
670,0.00333094596863
672,0.00331401824951
674,0.00337910652161
676,0.00336503982544
678,0.00339102745056
680,0.00338888168335
682,0.00344800949097
684,0.00344514846802
686,0.00350403785706
688,0.00345993041992
690,0.00353598594666
692,0.00354599952698
694,0.00357007980347
696,0.00353908538818
698,0.0036289691925
700,0.00363183021545
702,0.00361800193787
704,0.00364398956299
706,0.0036609172821
708,0.00365805625916
710,0.00373196601868
712,0.00371789932251
714,0.00376415252686
716,0.00375509262085
718,0.00380301475525
720,0.00384712219238
722,0.00382614135742
724,0.00384712219238
726,0.00385499000549
728,0.00387001037598
730,0.00393199920654
732,0.00392985343933
734,0.00393795967102
736,0.00395393371582
738,0.0040488243103
740,0.00399899482727
742,0.00402808189392
744,0.00405597686768
746,0.00407791137695
748,0.00408697128296
750,0.00500583648682
752,0.0042040348053
754,0.00423407554626
756,0.00415802001953
758,0.00424098968506
760,0.00425910949707
762,0.00431489944458
764,0.0043261051178
766,0.00435590744019
768,0.00685906410217
770,0.00436091423035
772,0.00434899330139
774,0.00440812110901
776,0.00440788269043
778,0.00446200370789
780,0.00446200370789
782,0.00451183319092
784,0.00714087486267
786,0.0045440196991
788,0.00450086593628
790,0.00457811355591
792,0.00458312034607
794,0.00551700592041
796,0.00466299057007
798,0.00465512275696
800,0.00555205345154
802,0.00470280647278
804,0.00560784339905
806,0.00560188293457
808,0.00562500953674
810,0.00569295883179
812,0.00580096244812
814,0.00483202934265
816,0.00484108924866
818,0.0057520866394
820,0.00576901435852
822,0.00496697425842
824,0.00806188583374
826,0.0049889087677
828,0.00497889518738
830,0.00501179695129
832,0.00500392913818
834,0.00507807731628
836,0.00506281852722
838,0.00510406494141
840,0.0074200630188
842,0.00516486167908
844,0.0051429271698
846,0.00521492958069
848,0.00522184371948
850,0.00524306297302
852,0.00524997711182
854,0.00533103942871
856,0.0052809715271
858,0.00538802146912
860,0.00532793998718
862,0.00543308258057
864,0.00537991523743
866,0.00542902946472
868,0.00545001029968
870,0.00545716285706
872,0.00551319122314
874,0.00553488731384
876,0.00552010536194
878,0.00557088851929
880,0.0083179473877
882,0.00562500953674
884,0.00562000274658
886,0.00796008110046
888,0.00569915771484
890,0.00571298599243
892,0.00887989997864
894,0.00907492637634
896,0.00583100318909
898,0.00582194328308
900,0.00581812858582
902,0.00593090057373
904,0.00587391853333
906,0.00605392456055
908,0.00592303276062
910,0.00602698326111
912,0.00597095489502
914,0.00601387023926
916,0.00601601600647
918,0.00712394714355
920,0.00612497329712
922,0.00610399246216
924,0.0097541809082
926,0.00974988937378
928,0.00621104240417
930,0.00618195533752
932,0.0062940120697
934,0.00628995895386
936,0.00628399848938
938,0.006432056427
940,0.0063579082489
942,0.00644111633301
944,0.00640606880188
946,0.00644493103027
948,0.00647807121277
950,0.00660300254822
952,0.0065438747406
954,0.00656199455261
956,0.00753998756409
958,0.00670599937439
960,0.00672507286072
962,0.00772285461426
964,0.00670695304871
966,0.00663685798645
968,0.00670599937439
970,0.00689101219177
972,0.00760722160339
974,0.00685906410217
976,0.00682902336121
978,0.00691699981689
980,0.00690984725952
982,0.00688695907593
984,0.0068781375885
986,0.00704002380371
988,0.0079460144043
990,0.00710201263428
992,0.00700902938843
994,0.0070378780365
996,0.00714612007141
998,0.00711107254028
